5.68 8.24 3.76 5.27 6.37 8.38 5.27 7.29
6.24 9.00 3.32 4.26 7.24 9.53 5.60 7.60
6.93 9.98 3.71 4.63 8.05 10.60 6.23 8.40
7.54 10.78 4.02 5.01 8.68 11.32 6.74 9.03
7.09 10.09 3.65 4.76 7.29 9.57 6.01 8.14
7.69 10.38 4.67 6.50 8.48 11.15 6.95 9.34
10.86 14.29 5.35 7.25 14.62 19.34 10.27 13.62
6.83 9.81 4.00 5.27 7.50 9.81 6.11 8.30
8.05 10.78 4.94 6.95 8.73 11.34 7.24 9.69
10.71 14.19 5.47 7.49 14.86 19.51 10.35 13.73
5.66 8.16 3.76 5.30 6.22 8.18 5.21 7.22
5.67 8.20 4.54 6.16 3.28 4.57 4.50 6.31
6.46 8.99 4.69 6.61 2.46 4.48 4.54 6.69
6.80 9.56 5.28 7.50 3.11 5.18 5.06 7.41
5.53 8.04 3.87 5.36 6.32 8.32 5.24 7.24
6.05 8.52 5.04 6.66 3.69 5.46 4.93 6.88
6.89 9.41 4.79 6.61 2.77 5.48 4.82 7.17
7.36 9.99 4.91 7.01 3.23 5.92 5.17 7.64
6.75 9.73 3.52 4.40 7.86 10.35 6.04 8.16
7.09 9.90 4.38 5.95 6.88 9.39 6.12 8.41
