7.32 10.10 5.54 7.15 7.74 10.03 6.86 9.09
7.58 10.43 5.10 6.43 8.57 11.09 7.09 9.32
8.71 11.91 5.79 7.35 9.55 12.26 8.02 10.51
9.05 12.35 5.65 7.74 10.19 12.97 8.30 11.02
8.35 11.50 5.86 7.79 8.54 10.96 7.58 10.08
9.59 12.69 7.03 9.38 10.54 13.46 9.05 11.84
13.55 17.38 7.82 10.47 17.23 21.93 12.87 16.59
8.19 11.25 5.59 7.67 8.90 11.35 7.56 10.09
9.78 12.90 6.66 9.22 9.81 12.46 8.75 11.53
12.69 16.56 7.56 9.97 16.79 21.45 12.35 15.99
6.94 9.58 5.37 7.19 7.84 10.13 6.71 8.97
7.72 10.58 5.92 8.17 4.57 6.26 6.07 8.33
8.33 11.16 6.23 8.58 3.74 6.02 6.10 8.59
8.43 11.43 6.74 9.32 4.04 6.20 6.40 8.99
7.24 9.82 5.62 7.25 7.56 9.74 6.81 8.94
7.40 10.14 6.23 8.46 4.99 6.98 6.21 8.53
8.50 11.31 6.42 8.55 4.68 7.05 6.53 8.97
8.91 11.80 6.90 9.36 4.81 7.50 6.87 9.55
8.22 11.35 4.87 6.34 9.47 12.18 7.52 9.96
8.76 11.80 6.15 8.23 8.40 11.05 7.77 10.36
