5.60 8.19 3.79 5.28 6.71 8.74 5.37 7.40
6.29 9.07 3.34 4.32 7.62 9.94 5.75 7.77
7.07 10.16 3.79 4.82 8.47 11.03 6.44 8.67
7.68 10.94 4.05 5.11 9.12 11.76 6.95 9.27
7.14 10.18 3.76 4.93 7.69 9.99 6.20 8.37
7.81 10.47 4.77 6.71 8.89 11.52 7.16 9.57
11.15 14.58 5.52 7.51 14.73 19.19 10.47 13.76
6.96 9.93 4.17 5.50 7.90 10.21 6.34 8.55
8.10 10.73 5.15 7.24 9.09 11.68 7.45 9.88
10.78 14.28 5.68 7.78 15.06 19.51 10.51 13.86
5.56 8.10 3.80 5.31 6.57 8.55 5.31 7.32
5.59 8.19 4.52 6.10 3.43 4.71 4.51 6.34
6.58 9.19 4.76 6.77 2.57 4.57 4.64 6.84
6.89 9.74 5.39 7.68 3.18 5.24 5.15 7.55
5.47 8.01 3.92 5.41 6.65 8.66 5.35 7.36
6.02 8.54 4.90 6.49 3.77 5.53 4.90 6.85
7.16 9.73 4.73 6.56 2.78 5.54 4.89 7.28
7.58 10.32 4.81 6.92 3.32 6.00 5.24 7.75
6.88 9.88 3.58 4.56 8.27 10.78 6.24 8.40
7.18 10.01 4.44 6.05 7.15 9.64 6.26 8.57
