5.56 8.25 3.75 5.21 6.86 8.87 5.39 7.44
6.26 9.11 3.15 4.14 7.81 10.08 5.74 7.78
7.05 10.20 3.41 4.47 8.67 11.19 6.38 8.62
7.69 11.02 3.66 4.74 9.35 11.94 6.90 9.23
7.14 10.25 3.51 4.73 7.90 10.17 6.18 8.38
7.89 10.57 4.62 6.68 9.11 11.71 7.21 9.65
11.11 14.46 5.40 7.48 14.97 19.28 10.49 13.74
6.98 10.01 3.89 5.28 8.05 10.33 6.31 8.54
8.19 10.79 4.96 7.23 9.30 11.85 7.48 9.96
10.94 14.27 5.47 7.71 15.45 19.81 10.62 13.93
5.52 8.16 3.80 5.28 6.73 8.70 5.35 7.38
5.60 8.34 3.98 5.62 3.46 4.76 4.35 6.24
6.64 9.33 4.37 6.52 2.67 4.62 4.56 6.82
6.93 9.88 5.03 7.43 3.21 5.28 5.05 7.53
5.44 8.07 3.88 5.33 6.79 8.77 5.37 7.39
5.96 8.51 4.44 6.03 3.78 5.58 4.73 6.71
7.20 9.78 4.80 6.68 2.78 5.55 4.93 7.34
7.68 10.39 4.91 7.09 3.39 6.00 5.33 7.82
6.86 9.92 3.23 4.25 8.47 10.93 6.19 8.37
7.19 10.07 4.22 5.89 7.30 9.76 6.24 8.57
