5.29 7.92 3.41 4.82 6.14 8.06 4.95 6.93
5.85 8.66 2.81 3.73 6.97 9.17 5.21 7.19
6.55 9.64 3.08 4.03 7.76 10.19 5.79 7.95
7.11 10.37 3.36 4.36 8.38 10.91 6.28 8.54
6.68 9.71 3.10 4.16 7.03 9.21 5.60 7.69
7.39 10.08 4.02 5.81 8.25 10.79 6.55 8.89
10.44 13.81 4.77 6.62 13.66 18.14 9.62 12.86
6.42 9.44 3.62 4.94 7.24 9.46 5.76 7.95
7.62 10.37 4.53 6.63 8.44 10.96 6.86 9.32
10.30 13.80 5.05 7.14 14.14 18.62 9.83 13.18
5.27 7.83 3.37 4.81 5.99 7.87 4.88 6.84
5.42 7.94 3.82 5.50 3.38 4.65 4.21 6.03
6.29 8.86 4.06 6.09 2.49 4.51 4.28 6.48
6.62 9.41 4.65 6.97 3.06 5.14 4.78 7.17
5.16 7.74 3.54 4.95 6.09 8.00 4.93 6.90
5.58 8.11 4.19 5.75 3.72 5.46 4.50 6.44
6.67 9.25 4.19 5.93 2.77 5.48 4.54 6.89
7.08 9.79 4.35 6.37 3.20 5.90 4.88 7.35
6.37 9.39 2.91 3.81 7.57 9.95 5.62 7.72
6.74 9.58 3.83 5.39 6.65 9.08 5.74 8.02
