5.33 7.94 3.45 4.89 6.12 8.04 4.97 6.96
5.92 8.73 2.79 3.73 6.97 9.17 5.23 7.21
6.65 9.74 3.01 3.98 7.77 10.21 5.81 7.98
7.22 10.47 3.28 4.29 8.41 10.94 6.30 8.57
6.76 9.78 3.04 4.12 7.03 9.21 5.61 7.70
7.50 10.14 3.98 5.81 8.33 10.88 6.60 8.94
10.66 13.96 4.79 6.66 13.99 18.42 9.81 13.02
6.52 9.55 3.61 4.94 7.26 9.47 5.79 7.99
7.74 10.45 4.61 6.72 8.51 11.01 6.95 9.39
10.52 13.92 5.14 7.23 14.42 18.85 10.03 13.34
5.30 7.85 3.41 4.87 5.98 7.86 4.90 6.86
5.49 8.01 3.77 5.44 3.40 4.68 4.22 6.04
6.45 8.97 4.12 6.16 2.57 4.56 4.38 6.56
6.78 9.52 4.75 7.06 3.15 5.20 4.89 7.26
5.20 7.77 3.59 5.03 6.08 7.98 4.96 6.93
5.63 8.13 4.10 5.66 3.71 5.49 4.48 6.42
6.78 9.33 4.19 5.95 2.74 5.51 4.57 6.93
7.20 9.89 4.38 6.42 3.21 5.94 4.93 7.42
6.46 9.48 2.85 3.77 7.58 9.96 5.63 7.74
6.85 9.67 3.83 5.41 6.70 9.13 5.79 8.07
