5.76 8.45 4.55 6.27 6.90 9.20 5.74 7.97
6.37 9.27 4.40 5.51 7.81 10.40 6.19 8.39
7.10 10.30 5.00 6.07 8.64 11.50 6.91 9.29
7.68 11.07 5.22 6.38 9.28 12.22 7.39 9.89
7.20 10.34 4.40 5.58 7.85 10.41 6.48 8.78
7.74 10.54 5.02 6.86 8.89 11.72 7.22 9.71
10.89 14.55 5.75 7.67 14.48 19.33 10.37 13.85
6.98 10.10 5.21 6.69 8.08 10.70 6.76 9.16
8.11 11.01 6.17 8.35 9.08 11.85 7.78 10.40
10.84 14.70 6.60 8.79 14.77 19.46 10.74 14.32
5.71 8.34 4.48 6.21 6.75 8.99 5.65 7.85
5.96 8.54 6.27 8.22 3.42 4.80 5.22 7.19
6.75 9.39 5.97 8.11 2.50 4.63 5.07 7.38
7.10 9.98 6.44 8.91 3.16 5.33 5.57 8.07
5.63 8.28 4.70 6.44 6.84 9.12 5.72 7.95
6.08 8.75 5.78 7.64 3.79 5.67 5.21 7.35
6.97 9.67 4.76 6.59 2.83 5.62 4.85 7.30
7.38 10.23 4.78 6.92 3.29 6.09 5.15 7.75
6.91 10.03 4.77 5.80 8.45 11.24 6.71 9.03
7.22 10.19 5.28 7.00 7.20 9.91 6.57 9.03
