4.89 6.64 3.45 4.55 6.52 7.65 4.95 6.28
5.67 7.56 3.70 4.92 4.97 6.36 4.78 6.28
5.67 7.86 4.21 5.49 6.98 8.51 5.62 7.28
6.16 8.33 4.09 5.46 8.66 10.16 6.30 7.98
6.02 8.10 4.66 6.12 5.35 6.81 5.34 7.01
6.27 7.93 5.60 7.69 5.92 7.42 5.93 7.68
8.29 10.20 5.61 7.49 10.45 12.66 8.12 10.12
7.30 9.32 5.48 7.12 6.98 8.37 6.59 8.27
6.46 8.05 4.66 6.88 7.19 8.74 6.10 7.89
9.78 11.79 5.22 7.48 10.70 12.96 8.57 10.74
5.80 7.64 4.78 6.02 5.26 6.49 5.28 6.72
4.46 6.20 6.65 8.33 4.07 4.93 5.06 6.49
5.52 6.98 4.28 6.21 2.40 3.53 4.07 5.57
5.50 7.11 4.55 6.74 3.51 4.69 4.52 6.18
5.81 7.68 4.87 6.25 4.69 5.90 5.12 6.61
7.25 8.92 5.73 7.18 3.21 4.50 5.40 6.87
5.33 6.72 3.90 5.67 3.07 4.64 4.10 5.68
5.63 7.17 3.70 5.53 3.86 5.31 4.40 6.00
5.24 7.19 3.96 5.38 5.40 6.90 4.87 6.49
6.16 7.97 4.69 6.34 5.75 7.18 5.53 7.16
