5.14 7.83 3.53 5.08 5.98 7.92 4.89 6.94
5.64 8.55 3.03 4.09 6.79 9.03 5.15 7.22
6.29 9.50 3.36 4.44 7.55 10.05 5.74 8.00
6.87 10.26 3.61 4.73 8.18 10.77 6.22 8.59
6.44 9.60 3.29 4.45 6.84 9.07 5.52 7.70
7.28 10.02 4.14 6.04 7.99 10.53 6.47 8.87
10.15 13.58 4.90 6.86 13.36 17.90 9.47 12.78
6.23 9.34 3.80 5.24 7.06 9.30 5.70 7.96
7.51 10.26 4.69 6.95 8.27 10.81 6.82 9.34
10.36 13.88 5.18 7.41 14.04 18.65 9.86 13.31
5.12 7.74 3.49 5.07 5.84 7.74 4.82 6.85
5.34 7.95 4.10 5.85 3.20 4.47 4.21 6.09
6.19 8.80 4.18 6.32 2.22 4.34 4.20 6.48
6.49 9.32 4.71 7.19 2.82 5.01 4.67 7.18
5.02 7.65 3.68 5.23 5.94 7.86 4.88 6.91
5.47 8.06 4.22 5.90 3.59 5.35 4.43 6.43
6.57 9.17 4.21 6.08 2.63 5.33 4.47 6.86
6.98 9.71 4.28 6.49 3.14 5.76 4.80 7.32
6.12 9.25 3.19 4.22 7.37 9.81 5.56 7.76
6.59 9.50 3.98 5.66 6.46 8.93 5.68 8.03
